CHECK
 14  13  15   7 
  6   9   0   5 
  4  11   2   1 
  8  12  10   3 

H: 33
G: 8
F: 41

 14  13  15   7 
  6   9   0   5 
  4  11   2   1 
  8  12  10   3 

 14  13  15   7 
  6   0   9   5 
  4  11   2   1 
  8  12  10   3 

 14  13  15   7 
  6  11   9   5 
  4   0   2   1 
  8  12  10   3 

 14  13  15   7 
  6  11   9   5 
  4  12   2   1 
  8   0  10   3 

 14  13  15   7 
  6  11   9   5 
  4  12   2   1 
  0   8  10   3 

 14  13  15   7 
  6  11   9   5 
  0  12   2   1 
  4   8  10   3 

 14  13  15   7 
  0  11   9   5 
  6  12   2   1 
  4   8  10   3 

 14  13  15   7 
 11   0   9   5 
  6  12   2   1 
  4   8  10   3 

 14  13  15   7 
 11  12   9   5 
  6   0   2   1 
  4   8  10   3 

CHECK
 14  13  15   7 
  0   6   9   5 
  4  11   2   1 
  8  12  10   3 

H: 33
G: 8
F: 41

 14  13  15   7 
  0   6   9   5 
  4  11   2   1 
  8  12  10   3 

 14  13  15   7 
  6   0   9   5 
  4  11   2   1 
  8  12  10   3 

 14  13  15   7 
  6  11   9   5 
  4   0   2   1 
  8  12  10   3 

 14  13  15   7 
  6  11   9   5 
  4  12   2   1 
  8   0  10   3 

 14  13  15   7 
  6  11   9   5 
  4  12   2   1 
  0   8  10   3 

 14  13  15   7 
  6  11   9   5 
  0  12   2   1 
  4   8  10   3 

 14  13  15   7 
  0  11   9   5 
  6  12   2   1 
  4   8  10   3 

 14  13  15   7 
 11   0   9   5 
  6  12   2   1 
  4   8  10   3 

 14  13  15   7 
 11  12   9   5 
  6   0   2   1 
  4   8  10   3 

CHECK
 14  13  15   7 
 11  12   9   5 
  4   2   0   1 
  8   6  10   3 

H: 40
G: 5
F: 45

 14  13  15   7 
 11  12   9   5 
  4   2   0   1 
  8   6  10   3 

 14  13  15   7 
 11  12   9   5 
  4   0   2   1 
  8   6  10   3 

 14  13  15   7 
 11  12   9   5 
  4   6   2   1 
  8   0  10   3 

 14  13  15   7 
 11  12   9   5 
  4   6   2   1 
  0   8  10   3 

 14  13  15   7 
 11  12   9   5 
  0   6   2   1 
  4   8  10   3 

 14  13  15   7 
 11  12   9   5 
  6   0   2   1 
  4   8  10   3 

CHECK
 14  13  15   7 
 11  12   9   5 
  0   4   2   1 
  8   6  10   3 

H: 40
G: 5
F: 45

 14  13  15   7 
 11  12   9   5 
  0   4   2   1 
  8   6  10   3 

 14  13  15   7 
 11  12   9   5 
  4   0   2   1 
  8   6  10   3 

 14  13  15   7 
 11  12   9   5 
  4   6   2   1 
  8   0  10   3 

 14  13  15   7 
 11  12   9   5 
  4   6   2   1 
  0   8  10   3 

 14  13  15   7 
 11  12   9   5 
  0   6   2   1 
  4   8  10   3 

 14  13  15   7 
 11  12   9   5 
  6   0   2   1 
  4   8  10   3 

CHECK
 14  13  15   7 
 11   0   9   5 
  4  12   2   1 
  8   6  10   3 

H: 38
G: 5
F: 43

 14  13  15   7 
 11   0   9   5 
  4  12   2   1 
  8   6  10   3 

 14  13  15   7 
 11  12   9   5 
  4   0   2   1 
  8   6  10   3 

 14  13  15   7 
 11  12   9   5 
  4   6   2   1 
  8   0  10   3 

 14  13  15   7 
 11  12   9   5 
  4   6   2   1 
  0   8  10   3 

 14  13  15   7 
 11  12   9   5 
  0   6   2   1 
  4   8  10   3 

 14  13  15   7 
 11  12   9   5 
  6   0   2   1 
  4   8  10   3 

CHECK
 14  13  15   7 
 11  12   9   0 
  6   2   1   5 
  4   8  10   3 

H: 42
G: 3
F: 45

 14  13  15   7 
 11  12   9   0 
  6   2   1   5 
  4   8  10   3 

 14  13  15   7 
 11  12   9   5 
  6   2   1   0 
  4   8  10   3 

 14  13  15   7 
 11  12   9   5 
  6   2   0   1 
  4   8  10   3 

 14  13  15   7 
 11  12   9   5 
  6   0   2   1 
  4   8  10   3 

CHECK
 14  13  15   7 
 12   6   9   5 
 11   2   0   1 
  4   8  10   3 

H: 38
G: 5
F: 43

 14  13  15   7 
 12   6   9   5 
 11   2   0   1 
  4   8  10   3 

 14  13  15   7 
 12   6   9   5 
 11   0   2   1 
  4   8  10   3 

 14  13  15   7 
 12   0   9   5 
 11   6   2   1 
  4   8  10   3 

 14  13  15   7 
  0  12   9   5 
 11   6   2   1 
  4   8  10   3 

 14  13  15   7 
 11  12   9   5 
  0   6   2   1 
  4   8  10   3 

 14  13  15   7 
 11  12   9   5 
  6   0   2   1 
  4   8  10   3 

CHECK
 14  13  15   7 
 12   6   9   5 
 11   8   2   1 
  4   0  10   3 

H: 36
G: 5
F: 41

 14  13  15   7 
 12   6   9   5 
 11   8   2   1 
  4   0  10   3 

 14  13  15   7 
 12   6   9   5 
 11   0   2   1 
  4   8  10   3 

 14  13  15   7 
 12   0   9   5 
 11   6   2   1 
  4   8  10   3 

 14  13  15   7 
  0  12   9   5 
 11   6   2   1 
  4   8  10   3 

 14  13  15   7 
 11  12   9   5 
  0   6   2   1 
  4   8  10   3 

 14  13  15   7 
 11  12   9   5 
  6   0   2   1 
  4   8  10   3 

CHECK
 14  13  15   7 
 12   9   2   5 
 11   6   1   0 
  4   8  10   3 

H: 35
G: 6
F: 41

 14  13  15   7 
 12   9   2   5 
 11   6   1   0 
  4   8  10   3 

 14  13  15   7 
 12   9   2   5 
 11   6   0   1 
  4   8  10   3 

 14  13  15   7 
 12   9   0   5 
 11   6   2   1 
  4   8  10   3 

 14  13  15   7 
 12   0   9   5 
 11   6   2   1 
  4   8  10   3 

 14  13  15   7 
  0  12   9   5 
 11   6   2   1 
  4   8  10   3 

 14  13  15   7 
 11  12   9   5 
  0   6   2   1 
  4   8  10   3 

 14  13  15   7 
 11  12   9   5 
  6   0   2   1 
  4   8  10   3 

CHECK
 14  13  15   7 
 12   9   2   5 
 11   0   6   1 
  4   8  10   3 

H: 35
G: 6
F: 41

 14  13  15   7 
 12   9   2   5 
 11   0   6   1 
  4   8  10   3 

 14  13  15   7 
 12   9   2   5 
 11   6   0   1 
  4   8  10   3 

 14  13  15   7 
 12   9   0   5 
 11   6   2   1 
  4   8  10   3 

 14  13  15   7 
 12   0   9   5 
 11   6   2   1 
  4   8  10   3 

 14  13  15   7 
  0  12   9   5 
 11   6   2   1 
  4   8  10   3 

 14  13  15   7 
 11  12   9   5 
  0   6   2   1 
  4   8  10   3 

 14  13  15   7 
 11  12   9   5 
  6   0   2   1 
  4   8  10   3 

CHECK
 14  13  15   7 
 12   9   2   5 
 11   6  10   1 
  4   8   0   3 

H: 35
G: 6
F: 41

 14  13  15   7 
 12   9   2   5 
 11   6  10   1 
  4   8   0   3 

 14  13  15   7 
 12   9   2   5 
 11   6   0   1 
  4   8  10   3 

 14  13  15   7 
 12   9   0   5 
 11   6   2   1 
  4   8  10   3 

 14  13  15   7 
 12   0   9   5 
 11   6   2   1 
  4   8  10   3 

 14  13  15   7 
  0  12   9   5 
 11   6   2   1 
  4   8  10   3 

 14  13  15   7 
 11  12   9   5 
  0   6   2   1 
  4   8  10   3 

 14  13  15   7 
 11  12   9   5 
  6   0   2   1 
  4   8  10   3 

CHECK
 13  15   0   7 
 14  11   9   5 
  6  12   2   1 
  4   8  10   3 

H: 40
G: 5
F: 45

 13  15   0   7 
 14  11   9   5 
  6  12   2   1 
  4   8  10   3 

 13   0  15   7 
 14  11   9   5 
  6  12   2   1 
  4   8  10   3 

  0  13  15   7 
 14  11   9   5 
  6  12   2   1 
  4   8  10   3 

 14  13  15   7 
  0  11   9   5 
  6  12   2   1 
  4   8  10   3 

 14  13  15   7 
 11   0   9   5 
  6  12   2   1 
  4   8  10   3 

 14  13  15   7 
 11  12   9   5 
  6   0   2   1 
  4   8  10   3 

CHECK
  0  14  15   7 
 11  13   9   5 
  6  12   2   1 
  4   8  10   3 

H: 38
G: 3
F: 41

  0  14  15   7 
 11  13   9   5 
  6  12   2   1 
  4   8  10   3 

 14   0  15   7 
 11  13   9   5 
  6  12   2   1 
  4   8  10   3 

 14  13  15   7 
 11   0   9   5 
  6  12   2   1 
  4   8  10   3 

 14  13  15   7 
 11  12   9   5 
  6   0   2   1 
  4   8  10   3 

CHECK
 14   0  15   7 
  6  13   9   5 
  4  11   2   1 
  8  12  10   3 

H: 33
G: 8
F: 41

 14   0  15   7 
  6  13   9   5 
  4  11   2   1 
  8  12  10   3 

 14  13  15   7 
  6   0   9   5 
  4  11   2   1 
  8  12  10   3 

 14  13  15   7 
  6  11   9   5 
  4   0   2   1 
  8  12  10   3 

 14  13  15   7 
  6  11   9   5 
  4  12   2   1 
  8   0  10   3 

 14  13  15   7 
  6  11   9   5 
  4  12   2   1 
  0   8  10   3 

 14  13  15   7 
  6  11   9   5 
  0  12   2   1 
  4   8  10   3 

 14  13  15   7 
  0  11   9   5 
  6  12   2   1 
  4   8  10   3 

 14  13  15   7 
 11   0   9   5 
  6  12   2   1 
  4   8  10   3 

 14  13  15   7 
 11  12   9   5 
  6   0   2   1 
  4   8  10   3 

CHECK
 14  15   0   7 
 11  13   9   5 
  6  12   2   1 
  4   8  10   3 

H: 40
G: 3
F: 43

 14  15   0   7 
 11  13   9   5 
  6  12   2   1 
  4   8  10   3 

 14   0  15   7 
 11  13   9   5 
  6  12   2   1 
  4   8  10   3 

 14  13  15   7 
 11   0   9   5 
  6  12   2   1 
  4   8  10   3 

 14  13  15   7 
 11  12   9   5 
  6   0   2   1 
  4   8  10   3 

CHECK
 14  13  15   7 
  6  11   9   5 
  0   4   2   1 
  8  12  10   3 

H: 36
G: 7
F: 43

 14  13  15   7 
  6  11   9   5 
  0   4   2   1 
  8  12  10   3 

 14  13  15   7 
  6  11   9   5 
  4   0   2   1 
  8  12  10   3 

 14  13  15   7 
  6  11   9   5 
  4  12   2   1 
  8   0  10   3 

 14  13  15   7 
  6  11   9   5 
  4  12   2   1 
  0   8  10   3 

 14  13  15   7 
  6  11   9   5 
  0  12   2   1 
  4   8  10   3 

 14  13  15   7 
  0  11   9   5 
  6  12   2   1 
  4   8  10   3 

 14  13  15   7 
 11   0   9   5 
  6  12   2   1 
  4   8  10   3 

 14  13  15   7 
 11  12   9   5 
  6   0   2   1 
  4   8  10   3 

CHECK
 13  15   0   7 
 14  12   9   5 
 11   6   2   1 
  4   8  10   3 

H: 40
G: 5
F: 45

 13  15   0   7 
 14  12   9   5 
 11   6   2   1 
  4   8  10   3 

 13   0  15   7 
 14  12   9   5 
 11   6   2   1 
  4   8  10   3 

  0  13  15   7 
 14  12   9   5 
 11   6   2   1 
  4   8  10   3 

 14  13  15   7 
  0  12   9   5 
 11   6   2   1 
  4   8  10   3 

 14  13  15   7 
 11  12   9   5 
  0   6   2   1 
  4   8  10   3 

 14  13  15   7 
 11  12   9   5 
  6   0   2   1 
  4   8  10   3 

CHECK
 13  11  15   7 
 14   0   9   5 
  6  12   2   1 
  4   8  10   3 

H: 40
G: 5
F: 45

 13  11  15   7 
 14   0   9   5 
  6  12   2   1 
  4   8  10   3 

 13   0  15   7 
 14  11   9   5 
  6  12   2   1 
  4   8  10   3 

  0  13  15   7 
 14  11   9   5 
  6  12   2   1 
  4   8  10   3 

 14  13  15   7 
  0  11   9   5 
  6  12   2   1 
  4   8  10   3 

 14  13  15   7 
 11   0   9   5 
  6  12   2   1 
  4   8  10   3 

 14  13  15   7 
 11  12   9   5 
  6   0   2   1 
  4   8  10   3 

CHECK
 14  13  15   7 
 11  12   9   5 
  6   2  10   1 
  4   8   0   3 

H: 41
G: 2
F: 43

 14  13  15   7 
 11  12   9   5 
  6   2  10   1 
  4   8   0   3 

 14  13  15   7 
 11  12   9   5 
  6   2   0   1 
  4   8  10   3 

 14  13  15   7 
 11  12   9   5 
  6   0   2   1 
  4   8  10   3 

CHECK
 13  12  15   7 
 14   0   9   5 
 11   6   2   1 
  4   8  10   3 

H: 40
G: 5
F: 45

 13  12  15   7 
 14   0   9   5 
 11   6   2   1 
  4   8  10   3 

 13   0  15   7 
 14  12   9   5 
 11   6   2   1 
  4   8  10   3 

  0  13  15   7 
 14  12   9   5 
 11   6   2   1 
  4   8  10   3 

 14  13  15   7 
  0  12   9   5 
 11   6   2   1 
  4   8  10   3 

 14  13  15   7 
 11  12   9   5 
  0   6   2   1 
  4   8  10   3 

 14  13  15   7 
 11  12   9   5 
  6   0   2   1 
  4   8  10   3 

CHECK
 14  13  15   7 
 11  12   9   5 
  6   2   1   3 
  4   8  10   0 

H: 40
G: 3
F: 43

 14  13  15   7 
 11  12   9   5 
  6   2   1   3 
  4   8  10   0 

 14  13  15   7 
 11  12   9   5 
  6   2   1   0 
  4   8  10   3 

 14  13  15   7 
 11  12   9   5 
  6   2   0   1 
  4   8  10   3 

 14  13  15   7 
 11  12   9   5 
  6   0   2   1 
  4   8  10   3 

CHECK
 14  13   7   0 
 12   9  15   5 
 11   6   2   1 
  4   8  10   3 

H: 37
G: 6
F: 43

 14  13   7   0 
 12   9  15   5 
 11   6   2   1 
  4   8  10   3 

 14  13   0   7 
 12   9  15   5 
 11   6   2   1 
  4   8  10   3 

 14  13  15   7 
 12   9   0   5 
 11   6   2   1 
  4   8  10   3 

 14  13  15   7 
 12   0   9   5 
 11   6   2   1 
  4   8  10   3 

 14  13  15   7 
  0  12   9   5 
 11   6   2   1 
  4   8  10   3 

 14  13  15   7 
 11  12   9   5 
  0   6   2   1 
  4   8  10   3 

 14  13  15   7 
 11  12   9   5 
  6   0   2   1 
  4   8  10   3 

CHECK
 14  13   0   7 
 11   9  15   5 
  6  12   2   1 
  4   8  10   3 

H: 38
G: 3
F: 41

 14  13   0   7 
 11   9  15   5 
  6  12   2   1 
  4   8  10   3 

 14  13  15   7 
 11   9   0   5 
  6  12   2   1 
  4   8  10   3 

 14  13  15   7 
 11   0   9   5 
  6  12   2   1 
  4   8  10   3 

 14  13  15   7 
 11  12   9   5 
  6   0   2   1 
  4   8  10   3 

CHECK
 14  13  15   7 
 11  12   0   5 
  6   2   9   1 
  4   8  10   3 

H: 41
G: 2
F: 43

 14  13  15   7 
 11  12   0   5 
  6   2   9   1 
  4   8  10   3 

 14  13  15   7 
 11  12   9   5 
  6   2   0   1 
  4   8  10   3 

 14  13  15   7 
 11  12   9   5 
  6   0   2   1 
  4   8  10   3 

CHECK
 14  13  15   7 
 12   9   5   0 
 11   6   2   1 
  4   8  10   3 

H: 36
G: 5
F: 41

 14  13  15   7 
 12   9   5   0 
 11   6   2   1 
  4   8  10   3 

 14  13  15   7 
 12   9   0   5 
 11   6   2   1 
  4   8  10   3 

 14  13  15   7 
 12   0   9   5 
 11   6   2   1 
  4   8  10   3 

 14  13  15   7 
  0  12   9   5 
 11   6   2   1 
  4   8  10   3 

 14  13  15   7 
 11  12   9   5 
  0   6   2   1 
  4   8  10   3 

 14  13  15   7 
 11  12   9   5 
  6   0   2   1 
  4   8  10   3 

CHECK
 14  13  15   7 
  6  11   9   5 
 12   0   2   1 
  4   8  10   3 

H: 37
G: 4
F: 41

 14  13  15   7 
  6  11   9   5 
 12   0   2   1 
  4   8  10   3 

 14  13  15   7 
  6  11   9   5 
  0  12   2   1 
  4   8  10   3 

 14  13  15   7 
  0  11   9   5 
  6  12   2   1 
  4   8  10   3 

 14  13  15   7 
 11   0   9   5 
  6  12   2   1 
  4   8  10   3 

 14  13  15   7 
 11  12   9   5 
  6   0   2   1 
  4   8  10   3 

CHECK
  0  14  15   7 
 12  13   9   5 
 11   6   2   1 
  4   8  10   3 

H: 36
G: 5
F: 41

  0  14  15   7 
 12  13   9   5 
 11   6   2   1 
  4   8  10   3 

 14   0  15   7 
 12  13   9   5 
 11   6   2   1 
  4   8  10   3 

 14  13  15   7 
 12   0   9   5 
 11   6   2   1 
  4   8  10   3 

 14  13  15   7 
  0  12   9   5 
 11   6   2   1 
  4   8  10   3 

 14  13  15   7 
 11  12   9   5 
  0   6   2   1 
  4   8  10   3 

 14  13  15   7 
 11  12   9   5 
  6   0   2   1 
  4   8  10   3 

CHECK
 14  13  15   7 
 11  12   9   5 
  4   6   2   1 
  8  10   0   3 

H: 39
G: 4
F: 43

 14  13  15   7 
 11  12   9   5 
  4   6   2   1 
  8  10   0   3 

 14  13  15   7 
 11  12   9   5 
  4   6   2   1 
  8   0  10   3 

 14  13  15   7 
 11  12   9   5 
  4   6   2   1 
  0   8  10   3 

 14  13  15   7 
 11  12   9   5 
  0   6   2   1 
  4   8  10   3 

 14  13  15   7 
 11  12   9   5 
  6   0   2   1 
  4   8  10   3 

CHECK
 14  13  15   7 
 11  12   9   5 
  0   8   2   1 
  6   4  10   3 

H: 42
G: 3
F: 45

 14  13  15   7 
 11  12   9   5 
  0   8   2   1 
  6   4  10   3 

 14  13  15   7 
 11  12   9   5 
  6   8   2   1 
  0   4  10   3 

 14  13  15   7 
 11  12   9   5 
  6   8   2   1 
  4   0  10   3 

 14  13  15   7 
 11  12   9   5 
  6   0   2   1 
  4   8  10   3 

CHECK
 14   0  13   7 
 12   9  15   5 
 11   6   2   1 
  4   8  10   3 

H: 37
G: 6
F: 43

 14   0  13   7 
 12   9  15   5 
 11   6   2   1 
  4   8  10   3 

 14  13   0   7 
 12   9  15   5 
 11   6   2   1 
  4   8  10   3 

 14  13  15   7 
 12   9   0   5 
 11   6   2   1 
  4   8  10   3 

 14  13  15   7 
 12   0   9   5 
 11   6   2   1 
  4   8  10   3 

 14  13  15   7 
  0  12   9   5 
 11   6   2   1 
  4   8  10   3 

 14  13  15   7 
 11  12   9   5 
  0   6   2   1 
  4   8  10   3 

 14  13  15   7 
 11  12   9   5 
  6   0   2   1 
  4   8  10   3 

CHECK
 14  13  15   7 
  6  11   9   5 
  4  12   2   1 
  8  10   0   3 

H: 37
G: 6
F: 43

 14  13  15   7 
  6  11   9   5 
  4  12   2   1 
  8  10   0   3 

 14  13  15   7 
  6  11   9   5 
  4  12   2   1 
  8   0  10   3 

 14  13  15   7 
  6  11   9   5 
  4  12   2   1 
  0   8  10   3 

 14  13  15   7 
  6  11   9   5 
  0  12   2   1 
  4   8  10   3 

 14  13  15   7 
  0  11   9   5 
  6  12   2   1 
  4   8  10   3 

 14  13  15   7 
 11   0   9   5 
  6  12   2   1 
  4   8  10   3 

 14  13  15   7 
 11  12   9   5 
  6   0   2   1 
  4   8  10   3 

CHECK
 14  13  15   7 
 12   6   9   5 
  0  11   2   1 
  4   8  10   3 

H: 36
G: 5
F: 41

 14  13  15   7 
 12   6   9   5 
  0  11   2   1 
  4   8  10   3 

 14  13  15   7 
 12   6   9   5 
 11   0   2   1 
  4   8  10   3 

 14  13  15   7 
 12   0   9   5 
 11   6   2   1 
  4   8  10   3 

 14  13  15   7 
  0  12   9   5 
 11   6   2   1 
  4   8  10   3 

 14  13  15   7 
 11  12   9   5 
  0   6   2   1 
  4   8  10   3 

 14  13  15   7 
 11  12   9   5 
  6   0   2   1 
  4   8  10   3 

CHECK
 14  13  15   7 
  6  11   9   5 
  4   2   0   1 
  8  12  10   3 

H: 36
G: 7
F: 43

 14  13  15   7 
  6  11   9   5 
  4   2   0   1 
  8  12  10   3 

 14  13  15   7 
  6  11   9   5 
  4   0   2   1 
  8  12  10   3 

 14  13  15   7 
  6  11   9   5 
  4  12   2   1 
  8   0  10   3 

 14  13  15   7 
  6  11   9   5 
  4  12   2   1 
  0   8  10   3 

 14  13  15   7 
  6  11   9   5 
  0  12   2   1 
  4   8  10   3 

 14  13  15   7 
  0  11   9   5 
  6  12   2   1 
  4   8  10   3 

 14  13  15   7 
 11   0   9   5 
  6  12   2   1 
  4   8  10   3 

 14  13  15   7 
 11  12   9   5 
  6   0   2   1 
  4   8  10   3 

CHECK
 14  15   0   7 
 12  13   9   5 
 11   6   2   1 
  4   8  10   3 

H: 38
G: 5
F: 43

 14  15   0   7 
 12  13   9   5 
 11   6   2   1 
  4   8  10   3 

 14   0  15   7 
 12  13   9   5 
 11   6   2   1 
  4   8  10   3 

 14  13  15   7 
 12   0   9   5 
 11   6   2   1 
  4   8  10   3 

 14  13  15   7 
  0  12   9   5 
 11   6   2   1 
  4   8  10   3 

 14  13  15   7 
 11  12   9   5 
  0   6   2   1 
  4   8  10   3 

 14  13  15   7 
 11  12   9   5 
  6   0   2   1 
  4   8  10   3 

CHECK
 14  13  15   7 
 11   9   2   5 
  6  12   0   1 
  4   8  10   3 

H: 38
G: 3
F: 41

 14  13  15   7 
 11   9   2   5 
  6  12   0   1 
  4   8  10   3 

 14  13  15   7 
 11   9   0   5 
  6  12   2   1 
  4   8  10   3 

 14  13  15   7 
 11   0   9   5 
  6  12   2   1 
  4   8  10   3 

 14  13  15   7 
 11  12   9   5 
  6   0   2   1 
  4   8  10   3 

CHECK
 14  13  15   7 
 11   9   5   0 
  6  12   2   1 
  4   8  10   3 

H: 38
G: 3
F: 41

 14  13  15   7 
 11   9   5   0 
  6  12   2   1 
  4   8  10   3 

 14  13  15   7 
 11   9   0   5 
  6  12   2   1 
  4   8  10   3 

 14  13  15   7 
 11   0   9   5 
  6  12   2   1 
  4   8  10   3 

 14  13  15   7 
 11  12   9   5 
  6   0   2   1 
  4   8  10   3 

CHECK
 14  13  15   7 
 11  12   9   5 
  6   8   0   1 
  4  10   2   3 

H: 42
G: 3
F: 45

 14  13  15   7 
 11  12   9   5 
  6   8   0   1 
  4  10   2   3 

 14  13  15   7 
 11  12   9   5 
  6   8   2   1 
  4  10   0   3 

 14  13  15   7 
 11  12   9   5 
  6   8   2   1 
  4   0  10   3 

 14  13  15   7 
 11  12   9   5 
  6   0   2   1 
  4   8  10   3 

CHECK
 14  13  15   7 
 11  12   9   5 
  6   8   2   1 
  4  10   3   0 

H: 42
G: 3
F: 45

 14  13  15   7 
 11  12   9   5 
  6   8   2   1 
  4  10   3   0 

 14  13  15   7 
 11  12   9   5 
  6   8   2   1 
  4  10   0   3 

 14  13  15   7 
 11  12   9   5 
  6   8   2   1 
  4   0  10   3 

 14  13  15   7 
 11  12   9   5 
  6   0   2   1 
  4   8  10   3 

BEST
 14   0  15   7 
  6  13   9   5 
  4  11   2   1 
  8  12  10   3 

